1790372337.033556911 20033, 2730
1790372338.047940074 20045, 2715
1790372339.065421865 20045, 2715
1790372340.082826642 20045, 2715
1790372341.100004270 20045, 2715
1790372342.116822641 20045, 2715
1790372343.133336238 20045, 2715
1790372344.150628835 20045, 2715
1790372345.166770210 20045, 2715
1790372346.184321215 20045, 2715
1790372347.200748380 20045, 2700
1790372348.217773885 20045, 2700
1790372349.234536074 20045, 2700
1790372350.250985432 20045, 2700
1790372351.268088565 20045, 2700
1790372352.284752179 20045, 2700
1790372353.301014606 20045, 2700
1790372354.317576479 20045, 2700
1790372355.334287975 20045, 2700
1790372356.354317443 20045, 2700
1790372357.371545474 20045, 2700
1790372358.388472909 20045, 2700
1790372359.406095726 20045, 2700
1790372360.422855746 20045, 2700
1790372361.440288025 20045, 2700
1790372362.457616669 20045, 2700
1790372363.474643283 20045, 2700
1790372364.491976556 20045, 2700
1790372365.509519476 20045, 2700
1790372366.527796562 20045, 2700
1790372367.545215899 20045, 2700
1790372368.561749956 20045, 2700
1790372369.578763909 20045, 2700
1790372370.595036534 20045, 2700
1790372371.611331261 20045, 2700
1790372372.628069725 20045, 2700
1790372373.644858676 20045, 2700
1790372374.661667103 20045, 2700
1790372375.678814552 20045, 2700
1790372376.694322065 20045, 2520
1790372377.708749180 20045, 2520
1790372378.723288056 20045, 2520
1790372379.737061669 20045, 2520
1790372380.750810144 20045, 2520
1790372381.764479070 20045, 2520
1790372382.777939733 20045, 2520
1790372383.791736642 20045, 2520
1790372384.804586483 20045, 2520
1790372385.817969652 20045, 2520
1790372386.831074485 20045, 2520
1790372387.844394576 20045, 2520
1790372388.857432774 20045, 2520
1790372389.870898801 20045, 2520
1790372390.884702044 20045, 2520
1790372391.897963666 20045, 2520
1790372392.912002956 20045, 420
1790372393.925737080 20045, 300
1790372394.941811211 20045, 240
1790372395.956824721 20045, 210
1790372396.971333028 20045, 210
1790372397.986829259 20045, 210
1790372399.001895590 20045, 210
1790372400.018181082 20045, 210
1790372401.034561264 20045, 210
1790372402.051134009 20045, 210
1790372403.066282276 20045, 210
1790372404.080750961 20045, 210
1790372405.095356555 20045, 210
1790372406.111207640 20045, 210
1790372407.125132160 20045, 210
1790372408.139617438 20045, 210
1790372409.154444291 20045, 210
1790372410.168868264 20045, 210
1790372411.182589111 20045, 210
1790372412.197092225 20045, 210
1790372413.211481744 20045, 210
1790372414.225863650 20045, 210
1790372415.240797117 20045, 210
1790372416.255447300 20045, 210
1790372417.269842432 20045, 210
1790372418.284512463 20045, 210
1790372419.299366061 20045, 210
1790372420.313972853 20045, 210
1790372421.329566058 20045, 210
1790372422.344092670 20045, 210
1790372423.359479376 20045, 210
1790372424.374673008 20045, 210
1790372425.390008739 20045, 210
1790372426.404202695 20045, 210
1790372427.417812188 20045, 210
